# X, Y
2.214092145591089356e+00	4.912311136722564697e-01
2.213710374246470991e+00	4.875492751598358154e-01
2.213328746414970905e+00	4.861903786659240723e-01
2.212947262020119599e+00	4.896371066570281982e-01
2.212565920985498646e+00	4.893980324268341064e-01
2.212184723234745132e+00	4.793764054775238037e-01
2.211803668691550318e+00	4.841795563697814941e-01
2.211422757279658313e+00	4.825918078422546387e-01
2.211041988922868740e+00	4.784488379955291748e-01
2.210661363545033176e+00	4.776768684387207031e-01
2.210280881070059600e+00	4.822382032871246338e-01
2.209900541421907061e+00	4.780281782150268555e-01
2.209520344524590563e+00	4.820886254310607910e-01
2.209140290302177068e+00	4.808752238750457764e-01
2.208760378678788605e+00	4.759864807128906250e-01
2.208380609578599163e+00	4.785186350345611572e-01
2.208000982925837352e+00	4.748924374580383301e-01
2.207621498644786406e+00	4.782281219959259033e-01
2.207242156659781518e+00	4.750868976116180420e-01
2.206862956895210726e+00	4.721317589282989502e-01
2.206483899275516247e+00	4.755960404872894287e-01
2.206104983725195368e+00	4.730960726737976074e-01
2.205726210168795109e+00	4.686503112316131592e-01
2.205347578530917563e+00	4.706584215164184570e-01
2.204969088736218996e+00	4.724597930908203125e-01
2.204590740709406749e+00	4.666379392147064209e-01
2.204212534375242782e+00	4.662979543209075928e-01
2.203834469658541462e+00	4.659593403339385986e-01
2.203456546484170442e+00	4.690675139427185059e-01
2.203078764777049781e+00	4.653234481811523438e-01
2.202701124462152826e+00	4.669974446296691895e-01
2.202323625464505330e+00	4.619329273700714111e-01
2.201946267709186333e+00	4.595759809017181396e-01
2.201569051121328613e+00	4.564185738563537598e-01
2.201191975626114683e+00	4.603536128997802734e-01
2.200815041148783457e+00	4.624700844287872314e-01
2.200438247614622700e+00	4.615962803363800049e-01
2.200061594948976129e+00	4.564798474311828613e-01
2.199685083077237202e+00	4.643510580062866211e-01
2.199308711924853998e+00	4.614191651344299316e-01
2.198932481417326557e+00	4.559180140495300293e-01
2.198556391480205541e+00	4.599040448665618896e-01
2.198180442039095794e+00	4.621250331401824951e-01
2.197804633019654563e+00	4.559659659862518311e-01
2.197428964347589719e+00	4.578706622123718262e-01
2.197053435948663314e+00	4.610399603843688965e-01
2.196678047748688023e+00	4.567083716392517090e-01
2.196302799673528927e+00	4.521031379699707031e-01
2.195927691649103952e+00	4.640131294727325439e-01
2.195552723601382095e+00	4.514309763908386230e-01
2.195177895456385198e+00	4.501934349536895752e-01
2.194803207140186174e+00	4.575659334659576416e-01
2.194428658578909452e+00	4.458400309085845947e-01
2.194054249698733638e+00	4.495130777359008789e-01
2.193679980425886189e+00	4.465867578983306885e-01
2.193305850686648295e+00	4.493841528892517090e-01
2.192931860407351330e+00	4.460322260856628418e-01
2.192558009514380402e+00	4.445527195930480957e-01
2.192184297934170356e+00	4.417339265346527100e-01
2.191810725593207554e+00	4.397329688072204590e-01
2.191437292418031202e+00	4.468147158622741699e-01
2.191063998335232021e+00	4.430953562259674072e-01
2.190690843271450028e+00	4.454412162303924561e-01
2.190317827153378527e+00	4.435030221939086914e-01
2.189944949907762339e+00	4.366568326950073242e-01
2.189572211461396023e+00	4.412334859371185303e-01
2.189199611741126539e+00	4.392198622226715088e-01
2.188827150673851474e+00	4.347726106643676758e-01
2.188454828186520373e+00	4.389792084693908691e-01
2.188082644206132965e+00	4.415246248245239258e-01
2.187710598659740935e+00	4.374766051769256592e-01
2.187338691474445707e+00	4.453698098659515381e-01
2.186966922577401551e+00	4.390499591827392578e-01
2.186595291895811144e+00	4.360319077968597412e-01
2.186223799356930009e+00	4.398849606513977051e-01
2.185852444888065182e+00	4.366281628608703613e-01
2.185481228416572108e+00	4.381878972053527832e-01
2.185110149869857743e+00	4.383276104927062988e-01
2.184739209175381447e+00	4.365878999233245850e-01
2.184368406260651430e+00	4.341551959514617920e-01
2.183997741053226083e+00	4.390240907669067383e-01
2.183627213480717089e+00	4.406244754791259766e-01
2.183256823470784536e+00	4.311161041259765625e-01
2.182886570951137806e+00	4.324586093425750732e-01
2.182516455849540016e+00	4.290623962879180908e-01
2.182146478093802688e+00	4.263657629489898682e-01
2.181776637611787084e+00	4.364804923534393311e-01
2.181406934331406422e+00	4.348106384277343750e-01
2.181037368180623659e+00	4.310300648212432861e-01
2.180667939087451490e+00	4.307795166969299316e-01
2.180298646979952792e+00	4.268077015876770020e-01
2.179929491786240181e+00	4.235859513282775879e-01
2.179560473434478673e+00	4.270928204059600830e-01
2.179191591852880361e+00	4.235458672046661377e-01
2.178822846969709737e+00	4.219461083412170410e-01
2.178454238713279256e+00	4.263733029365539551e-01
2.178085767011952445e+00	4.259385168552398682e-01
2.177717431794143010e+00	4.283739328384399414e-01
2.177349232988312622e+00	4.258970320224761963e-01
2.176981170522975351e+00	4.249473810195922852e-01
2.176613244326692787e+00	4.209484755992889404e-01
2.176245454328078477e+00	4.269215762615203857e-01
2.175877800455793043e+00	4.234369695186614990e-01
2.175510282638547732e+00	4.268014729022979736e-01
2.175142900805104862e+00	4.210047125816345215e-01
2.174775654884274267e+00	4.194443523883819580e-01
2.174408544804915966e+00	4.204922914505004883e-01
2.174041570495940157e+00	4.232393503189086914e-01
2.173674731886304556e+00	4.217032790184020996e-01
2.173308028905018841e+00	4.173481762409210205e-01
2.172941461481139314e+00	4.188365042209625244e-01
2.172575029543773351e+00	4.221057593822479248e-01
2.172208733022076732e+00	4.210053384304046631e-01
2.171842571845255421e+00	4.219436645507812500e-01
2.171476545942563341e+00	4.163846075534820557e-01
2.171110655243303711e+00	4.140175580978393555e-01
2.170744899676829487e+00	4.242544770240783691e-01
2.170379279172541587e+00	4.244511127471923828e-01
2.170013793659891554e+00	4.200387895107269287e-01
2.169648443068378452e+00	4.189274609088897705e-01
2.169283227327550190e+00	4.168212115764617920e-01
2.168918146367004418e+00	4.204628765583038330e-01
2.168553200116386748e+00	4.179897904396057129e-01
2.168188388505391639e+00	4.194680452346801758e-01
2.167823711463763292e+00	4.204845130443572998e-01
2.167459168921293866e+00	4.148464798927307129e-01
2.167094760807823040e+00	4.124032258987426758e-01
2.166730487053241561e+00	4.121394455432891846e-01
2.166366347587486363e+00	4.106242358684539795e-01
2.166002342340543674e+00	4.144144356250762939e-01
2.165638471242449903e+00	4.105226397514343262e-01
2.165274734223286313e+00	4.152171909809112549e-01
2.164911131213186124e+00	4.160304367542266846e-01
2.164547662142327855e+00	4.118933379650115967e-01
2.164184326940941538e+00	4.094710946083068848e-01
2.163821125539301171e+00	4.126352965831756592e-01
2.163458057867734485e+00	4.132498204708099365e-01
2.163095123856612734e+00	4.124404788017272949e-01
2.162732323436356907e+00	4.149543941020965576e-01
2.162369656537436402e+00	4.184257984161376953e-01
2.162007123090369465e+00	4.136603772640228271e-01
2.161644723025719195e+00	4.119185805320739746e-01
2.161282456274099761e+00	4.060004949569702148e-01
2.160920322766173296e+00	4.131855368614196777e-01
2.160558322432646783e+00	4.167487621307373047e-01
2.160196455204278720e+00	4.130901992321014404e-01
2.159834721011872460e+00	4.050583839416503906e-01
2.159473119786280648e+00	4.069656431674957275e-01
2.159111651458403447e+00	4.119098782539367676e-01
2.158750315959188537e+00	4.130070507526397705e-01
2.158389113219631561e+00	4.148000776767730713e-01
2.158028043170775678e+00	4.127813279628753662e-01
2.157667105743709790e+00	4.192381501197814941e-01
2.157306300869573867e+00	4.150948524475097656e-01
2.156945628479551846e+00	4.148876667022705078e-01
2.156585088504877845e+00	4.147314429283142090e-01
2.156224680876831723e+00	4.158265292644500732e-01
2.155864405526740413e+00	4.063310027122497559e-01
2.155504262385978809e+00	4.198036789894104004e-01
2.155144251385970655e+00	4.112545251846313477e-01
2.154784372458183661e+00	4.180837869644165039e-01
2.154424625534135274e+00	4.158994853496551514e-01
2.154065010545389125e+00	4.164111614227294922e-01
2.153705527423555033e+00	4.116749167442321777e-01
2.153346176100292997e+00	4.176871776580810547e-01
2.152986956507306093e+00	4.137378931045532227e-01
2.152627868576346692e+00	4.074985384941101074e-01
2.152268912239213794e+00	4.085748493671417236e-01
2.151910087427753471e+00	4.195971190929412842e-01
2.151551394073857093e+00	4.153162240982055664e-01
2.151192832109464881e+00	4.171314537525177002e-01
2.150834401466563239e+00	4.149710536003112793e-01
2.150476102077183871e+00	4.056534469127655029e-01
2.150117933873408660e+00	4.206730425357818604e-01
2.149759896787361235e+00	4.136424660682678223e-01
2.149401990751215852e+00	4.133152365684509277e-01
2.149044215697192062e+00	4.126095473766326904e-01
2.148686571557556046e+00	4.148035347461700439e-01
2.148329058264618840e+00	4.114354252815246582e-01
2.147971675750739884e+00	4.157446324825286865e-01
2.147614423948325690e+00	4.128413498401641846e-01
2.147257302789827182e+00	4.080314636230468750e-01
2.146900312207742356e+00	4.156631529331207275e-01
2.146543452134615393e+00	4.159859418869018555e-01
2.146186722503037103e+00	4.172401130199432373e-01
2.145830123245644483e+00	4.184820652008056641e-01
2.145473654295120269e+00	4.138973951339721680e-01
2.145117315584194273e+00	4.195792376995086670e-01
2.144761107045640713e+00	4.186639785766601562e-01
2.144405028612281328e+00	4.207368791103363037e-01
2.144049080216983150e+00	4.206469655036926270e-01
2.143693261792660287e+00	4.163991808891296387e-01
2.143337573272270813e+00	4.254315197467803955e-01
2.142982014588820761e+00	4.238122105598449707e-01
2.142626585675361461e+00	4.267727136611938477e-01
2.142271286464988211e+00	4.257088899612426758e-01
2.141916116890845156e+00	4.284635186195373535e-01
2.141561076886119963e+00	4.311879277229309082e-01
2.141206166384046039e+00	4.313788414001464844e-01
2.140851385317904754e+00	4.209361970424652100e-01
2.140496733621019221e+00	4.309911131858825684e-01
2.140142211226762292e+00	4.303427040576934814e-01
2.139787818068549896e+00	4.315337538719177246e-01
2.139433554079843258e+00	4.301891624927520752e-01
2.139079419194150677e+00	4.349373579025268555e-01
2.138725413345025306e+00	4.275641739368438721e-01
2.138371536466064260e+00	4.363605380058288574e-01
2.138017788490911730e+00	4.374548792839050293e-01
2.137664169353257648e+00	4.341573715209960938e-01
2.137310678986834134e+00	4.410509765148162842e-01
2.136957317325421712e+00	4.427807629108428955e-01
2.136604084302846207e+00	4.390175044536590576e-01
2.136250979852975629e+00	4.396775960922241211e-01
2.135898003909725507e+00	4.429830014705657959e-01
2.135545156407056666e+00	4.428063929080963135e-01
2.135192437278972566e+00	4.381068050861358643e-01
2.134839846459524626e+00	4.444742202758789062e-01
2.134487383882807343e+00	4.424389898777008057e-01
2.134135049482961399e+00	4.488406181335449219e-01
2.133782843194170553e+00	4.526199698448181152e-01
2.133430764950664749e+00	4.503761529922485352e-01
2.133078814686718783e+00	4.531965255737304688e-01
2.132726992336651861e+00	4.547940194606781006e-01
2.132375297834828487e+00	4.525841176509857178e-01
2.132023731115656240e+00	4.559269249439239502e-01
2.131672292113589773e+00	4.594306051731109619e-01
2.131320980763126371e+00	4.609681367874145508e-01
2.130969796998809063e+00	4.697273373603820801e-01
2.130618740755224838e+00	4.619482159614562988e-01
2.130267811967005098e+00	4.640629887580871582e-01
2.129917010568825653e+00	4.649335741996765137e-01
2.129566336495408496e+00	4.671166539192199707e-01
2.129215789681517368e+00	4.729358255863189697e-01
2.128865370061961304e+00	4.648204147815704346e-01
2.128515077571595082e+00	4.699265956878662109e-01
2.128164912145315668e+00	4.667481780052185059e-01
2.127814873718066657e+00	4.758218526840209961e-01
2.127464962224832501e+00	4.808119833469390869e-01
2.127115177600645168e+00	4.783515036106109619e-01
2.126765519780578373e+00	4.798175394535064697e-01
2.126415988699750681e+00	4.754420518875122070e-01
2.126066584293326844e+00	4.826803803443908691e-01
2.125717306496512027e+00	4.847897291183471680e-01
2.125368155244557133e+00	4.868834018707275391e-01
2.125019130472757478e+00	4.872143864631652832e-01
2.124670232116451896e+00	4.930962026119232178e-01
2.124321460111021409e+00	4.956243336200714111e-01
2.123972814391894559e+00	4.899047315120697021e-01
2.123624294894540299e+00	4.958113431930541992e-01
2.123275901554472878e+00	4.897244572639465332e-01
2.122927634307249622e+00	5.007029771804809570e-01
2.122579493088472713e+00	4.979878067970275879e-01
2.122231477833786073e+00	4.960377216339111328e-01
2.121883588478878924e+00	5.003108978271484375e-01
2.121535824959483563e+00	5.030371546745300293e-01
2.121188187211375364e+00	5.019551515579223633e-01
2.120840675170373224e+00	5.077956914901733398e-01
2.120493288772340446e+00	5.053137540817260742e-01
2.120146027953182966e+00	5.107687711715698242e-01
2.119798892648850686e+00	5.118694305419921875e-01
2.119451882795334807e+00	5.093651413917541504e-01
2.119104998328673606e+00	5.136275887489318848e-01
2.118758239184945324e+00	5.138912200927734375e-01
2.118411605300272615e+00	5.141211152076721191e-01
2.118065096610822540e+00	5.199016332626342773e-01
2.117718713052802570e+00	5.136659741401672363e-01
2.117372454562465478e+00	5.201521515846252441e-01
2.117026321076106665e+00	5.215902328491210938e-01
2.116680312530064612e+00	5.209590196609497070e-01
2.116334428860719985e+00	5.204013586044311523e-01
2.115988670004498307e+00	5.283805727958679199e-01
2.115643035897865509e+00	5.182054638862609863e-01
2.115297526477333268e+00	5.239393711090087891e-01
2.114952141679453668e+00	5.279836058616638184e-01
2.114606881440822761e+00	5.282314419746398926e-01
2.114261745698079231e+00	5.326749682426452637e-01
2.113916734387904839e+00	5.277826189994812012e-01
2.113571847447023533e+00	5.288639068603515625e-01
2.113227084812202783e+00	5.319129824638366699e-01
2.112882446420252247e+00	5.333781838417053223e-01
2.112537932208022884e+00	5.305687189102172852e-01
2.112193542112410505e+00	5.304847955703735352e-01
2.111849276070352222e+00	5.347017049789428711e-01
2.111505134018828667e+00	5.310193300247192383e-01
2.111161115894861329e+00	5.391718149185180664e-01
2.110817221635514773e+00	5.385836958885192871e-01
2.110473451177897086e+00	5.379658937454223633e-01
2.110129804459156766e+00	5.381639599800109863e-01
2.109786281416486720e+00	5.407441854476928711e-01
2.109442881987121154e+00	5.380597710609436035e-01
2.109099606108336467e+00	5.407473444938659668e-01
2.108756453717450352e+00	5.426090955734252930e-01
2.108413424751824916e+00	5.459765195846557617e-01
2.108070519148863120e+00	5.445211529731750488e-01
2.107727736846009226e+00	5.384883284568786621e-01
2.107385077780751459e+00	5.438642501831054688e-01
2.107042541890619347e+00	5.415466427803039551e-01
2.106700129113183273e+00	5.442689061164855957e-01
2.106357839386056696e+00	5.400226712226867676e-01
2.106015672646896153e+00	5.411393642425537109e-01
2.105673628833397704e+00	5.415367484092712402e-01
2.105331707883300041e+00	5.421236157417297363e-01
2.104989909734385378e+00	5.528536438941955566e-01
2.104648234324475897e+00	5.410419702529907227e-01
2.104306681591435080e+00	5.470517277717590332e-01
2.103965251473170817e+00	5.497609972953796387e-01
2.103623943907630078e+00	5.518160462379455566e-01
2.103282758832802468e+00	5.434028506278991699e-01
2.102941696186719778e+00	5.496789813041687012e-01
2.102600755907454211e+00	5.468965172767639160e-01
2.102259937933120160e+00	5.488717555999755859e-01
2.101919242201874205e+00	5.506308078765869141e-01
2.101578668651912896e+00	5.464394092559814453e-01
2.101238217221475413e+00	5.571086406707763672e-01
2.100897887848842238e+00	5.499045848846435547e-01
2.100557680472334710e+00	5.538255572319030762e-01
2.100217595030316353e+00	5.471748709678649902e-01
2.099877631461190663e+00	5.514584779739379883e-01
2.099537789703403767e+00	5.547620654106140137e-01
2.099198069695443092e+00	5.539873838424682617e-01
2.098858471375835588e+00	5.549783110618591309e-01
2.098518994683150840e+00	5.594690442085266113e-01
2.098179639555999731e+00	5.590183734893798828e-01
2.097840405933033558e+00	5.611326098442077637e-01
2.097501293752944473e+00	5.587425827980041504e-01
2.097162302954465929e+00	5.670554041862487793e-01
2.096823433476373566e+00	5.595909953117370605e-01
2.096484685257482550e+00	5.609564185142517090e-01
2.096146058236648901e+00	5.663108229637145996e-01
2.095807552352770387e+00	5.654037594795227051e-01
2.095469167544785627e+00	5.652474761009216309e-01
2.095130903751672768e+00	5.670773983001708984e-01
2.094792760912453478e+00	5.664555430412292480e-01
2.094454738966186724e+00	5.580590963363647461e-01
2.094116837851974555e+00	5.684229731559753418e-01
2.093779057508959873e+00	5.699948668479919434e-01
2.093441397876324217e+00	5.706834197044372559e-01
2.093103858893291758e+00	5.714430809020996094e-01
2.092766440499126634e+00	5.706171393394470215e-01
2.092429142633132511e+00	5.623931884765625000e-01
2.092091965234655238e+00	5.630424618721008301e-01
2.091754908243080635e+00	5.749965310096740723e-01
2.091417971597834491e+00	5.756035447120666504e-01
2.091081155238382561e+00	5.728896260261535645e-01
2.090744459104233233e+00	5.695123076438903809e-01
2.090407883134932643e+00	5.761927366256713867e-01
2.090071427270068671e+00	5.827320814132690430e-01
2.089735091449269166e+00	5.820675492286682129e-01
2.089398875612202833e+00	5.832214951515197754e-01
2.089062779698576122e+00	5.808717012405395508e-01
2.088726803648139896e+00	5.804097056388854980e-01
2.088390947400681430e+00	5.860807299613952637e-01
2.088055210896030189e+00	5.814585685729980469e-01
2.087719594074054719e+00	5.956329107284545898e-01
2.087384096874663975e+00	5.907169580459594727e-01
2.087048719237807326e+00	5.882495641708374023e-01
2.086713461103473222e+00	5.893601179122924805e-01
2.086378322411690522e+00	5.928089618682861328e-01
2.086043303102528945e+00	5.920618772506713867e-01
2.085708403116096399e+00	5.965171456336975098e-01
2.085373622392542536e+00	5.938858985900878906e-01
2.085038960872054314e+00	5.950006246566772461e-01
2.084704418494860434e+00	5.942567586898803711e-01
2.084369995201230008e+00	5.998385548591613770e-01
2.084035690931469009e+00	5.995573997497558594e-01
2.083701505625926487e+00	5.992381572723388672e-01
2.083367439224988793e+00	6.057882308959960938e-01
2.083033491669081361e+00	6.044072508811950684e-01
2.082699662898672255e+00	6.007163524627685547e-01
2.082365952854266400e+00	6.066923141479492188e-01
2.082032361476409577e+00	6.102852821350097656e-01
2.081698888705686645e+00	6.074957847595214844e-01
2.081365534482721547e+00	6.101604700088500977e-01
2.081032298748177300e+00	6.072475910186767578e-01
2.080699181442759116e+00	6.125505566596984863e-01
2.080366182507207728e+00	6.136014461517333984e-01
2.080033301882305619e+00	6.187423467636108398e-01
2.079700539508873902e+00	6.085178852081298828e-01
2.079367895327772331e+00	6.148189306259155273e-01
2.079035369279901069e+00	6.182436943054199219e-01
2.078702961306199803e+00	6.202761530876159668e-01
2.078370671347645082e+00	6.184880137443542480e-01
2.078038499345254309e+00	6.241649985313415527e-01
2.077706445240083966e+00	6.282448172569274902e-01
2.077374508973229617e+00	6.230987310409545898e-01
2.077042690485825016e+00	6.312069892883300781e-01
2.076710989719043887e+00	6.353446841239929199e-01
2.076379406614098144e+00	6.307184696197509766e-01
2.076047941112239670e+00	6.310736536979675293e-01
2.075716593154757650e+00	6.301470398902893066e-01
2.075385362682982127e+00	6.398050785064697266e-01
2.075054249638280446e+00	6.448557972908020020e-01
2.074723253962059033e+00	6.448854207992553711e-01
2.074392375595763838e+00	6.361353397369384766e-01
2.074061614480879001e+00	6.459976434707641602e-01
2.073730970558927300e+00	6.386697888374328613e-01
2.073400443771469703e+00	6.424744129180908203e-01
2.073070034060107592e+00	6.495406031608581543e-01
2.072739741366479205e+00	6.497709751129150391e-01
2.072409565632262307e+00	6.571318507194519043e-01
2.072079506799172410e+00	6.442531347274780273e-01
2.071749564808964550e+00	6.471810340881347656e-01
2.071419739603431065e+00	6.487138271331787109e-01
2.071090031124404263e+00	6.566991806030273438e-01
2.070760439313753754e+00	6.606459617614746094e-01
2.070430964113387340e+00	6.535679101943969727e-01
2.070101605465252348e+00	6.576580405235290527e-01
2.069772363311333407e+00	6.509784460067749023e-01
2.069443237593653784e+00	6.603336334228515625e-01
2.069114228254274934e+00	6.592686772346496582e-01
2.068785335235297396e+00	6.551692485809326172e-01
2.068456558478858565e+00	6.576283574104309082e-01
2.068127897927134473e+00	6.655143499374389648e-01
2.067799353522339789e+00	6.672744154930114746e-01
2.067470925206726484e+00	6.602706909179687500e-01
2.067142612922586054e+00	6.669675707817077637e-01
2.066814416612245520e+00	6.670545339584350586e-01
2.066486336218072761e+00	6.706195473670959473e-01
2.066158371682472072e+00	6.651780009269714355e-01
2.065830522947885495e+00	6.716411113739013672e-01
2.065502789956794150e+00	6.701622605323791504e-01
2.065175172651715574e+00	6.733127832412719727e-01
2.064847670975206384e+00	6.765414476394653320e-01
2.064520284869860056e+00	6.758776307106018066e-01
2.064193014278309590e+00	6.697738766670227051e-01
2.063865859143223513e+00	6.747146248817443848e-01
2.063538819407308988e+00	6.755389571189880371e-01
2.063211895013311814e+00	6.700334548950195312e-01
2.062885085904014648e+00	6.751308441162109375e-01
2.062558392022237452e+00	6.766377687454223633e-01
2.062231813310837936e+00	6.787661910057067871e-01
2.061905349712711999e+00	6.825749874114990234e-01
2.061579001170791958e+00	6.773634552955627441e-01
2.061252767628050098e+00	6.832041144371032715e-01
2.060926649027492896e+00	6.811848282814025879e-01
2.060600645312166357e+00	6.853216886520385742e-01
2.060274756425153786e+00	6.933938860893249512e-01
2.059948982309574905e+00	6.830413937568664551e-01
2.059623322908588072e+00	6.878462433815002441e-01
2.059297778165388060e+00	6.924318671226501465e-01
2.058972348023206056e+00	6.933284997940063477e-01
2.058647032425313661e+00	6.904471516609191895e-01
2.058321831315016226e+00	6.926580071449279785e-01
2.057996744635659070e+00	6.866746544837951660e-01
2.057671772330622595e+00	6.993707418441772461e-01
2.057346914343325395e+00	6.983060240745544434e-01
2.057022170617222923e+00	6.871186494827270508e-01
2.056697541095807491e+00	6.932831406593322754e-01
2.056373025722609604e+00	6.993528008460998535e-01
2.056048624441194850e+00	6.989836692810058594e-01
2.055724337195168339e+00	7.028647661209106445e-01
2.055400163928168933e+00	7.086201906204223633e-01
2.055076104583875463e+00	7.010248303413391113e-01
2.054752159106002729e+00	7.028073668479919434e-01
2.054428327438300617e+00	7.016471028327941895e-01
2.054104609524558978e+00	6.932793259620666504e-01
2.053781005308601415e+00	7.044805288314819336e-01
2.053457514734291056e+00	7.063868641853332520e-01
2.053134137745525223e+00	7.008501887321472168e-01
2.052810874286240761e+00	7.081755399703979492e-01
2.052487724300407379e+00	7.106251120567321777e-01
2.052164687732036086e+00	7.077234983444213867e-01
2.051841764525170753e+00	7.072772383689880371e-01
2.051518954623893443e+00	7.097977995872497559e-01
2.051196257972323078e+00	7.127035856246948242e-01
2.050873674514614997e+00	7.048453688621520996e-01
2.050551204194959620e+00	7.082420587539672852e-01
2.050228846957585116e+00	7.054283022880554199e-01
2.049906602746756956e+00	7.130118012428283691e-01
2.049584471506775252e+00	7.135497331619262695e-01
2.049262453181977417e+00	7.167610526084899902e-01
2.048940547716737282e+00	7.160428166389465332e-01
2.048618755055464646e+00	7.103216052055358887e-01
2.048297075142605728e+00	7.131516337394714355e-01
2.047975507922643157e+00	7.175940871238708496e-01
2.047654053340095981e+00	7.163990736007690430e-01
2.047332711339518774e+00	7.132904529571533203e-01
2.047011481865503413e+00	7.274014949798583984e-01
2.046690364862676415e+00	7.132977247238159180e-01
2.046369360275702043e+00	7.210442423820495605e-01
2.046048468049280089e+00	7.265432476997375488e-01
2.045727688128145427e+00	7.244727015495300293e-01
2.045407020457070235e+00	7.234154939651489258e-01
2.045086464980861773e+00	7.136535048484802246e-01
2.044766021644364162e+00	7.206946611404418945e-01
2.044445690392457493e+00	7.268843054771423340e-01
2.044125471170056940e+00	7.222590446472167969e-01
2.043805363922113649e+00	7.253851890563964844e-01
2.043485368593614737e+00	7.264745831489562988e-01
2.043165485129584180e+00	7.252894043922424316e-01
2.042845713475081038e+00	7.250208854675292969e-01
2.042526053575199008e+00	7.243942022323608398e-01
2.042206505375069980e+00	7.324393987655639648e-01
2.041887068819859152e+00	7.262841463088989258e-01
2.041567743854768580e+00	7.298873066902160645e-01
2.041248530425035845e+00	7.231318950653076172e-01
2.040929428475934504e+00	7.265173196792602539e-01
2.040610437952773193e+00	7.218694686889648438e-01
2.040291558800896077e+00	7.301476001739501953e-01
2.039972790965683291e+00	7.258948087692260742e-01
2.039654134392550500e+00	7.270470857620239258e-01
2.039335589026948004e+00	7.315467000007629395e-01
2.039017154814362520e+00	7.285741567611694336e-01
2.038698831700315406e+00	7.284948825836181641e-01
2.038380619630364876e+00	7.258149981498718262e-01
2.038062518550102453e+00	7.220050096511840820e-01
2.037744528405156963e+00	7.253650426864624023e-01
2.037426649141190538e+00	7.302300333976745605e-01
2.037108880703902614e+00	7.283337712287902832e-01
2.036791223039027265e+00	7.362912893295288086e-01
2.036473676092332319e+00	7.259298563003540039e-01
2.036156239809622459e+00	7.381167411804199219e-01
2.035838914136737454e+00	7.323049902915954590e-01
2.035521699019551267e+00	7.280490398406982422e-01
2.035204594403973388e+00	7.264274954795837402e-01
2.034887600235948835e+00	7.286424040794372559e-01
2.034570716461458151e+00	7.268608212471008301e-01
2.034253943026514744e+00	7.290759682655334473e-01
2.033937279877168880e+00	7.256488800048828125e-01
2.033620726959505465e+00	7.244215011596679688e-01
2.033304284219644487e+00	7.315722703933715820e-01
2.032987951603740129e+00	7.336142659187316895e-01
2.032671729057981658e+00	7.251763343811035156e-01
2.032355616528593867e+00	7.274234890937805176e-01
2.032039613961835745e+00	7.297892570495605469e-01
2.031723721304000918e+00	7.262343764305114746e-01
2.031407938501418986e+00	7.299122810363769531e-01
2.031092265500452854e+00	7.207688093185424805e-01
2.030776702247500509e+00	7.226668596267700195e-01
2.030461248688995468e+00	7.245172262191772461e-01
2.030145904771404997e+00	7.224053740501403809e-01
2.029830670441231444e+00	7.173208594322204590e-01
2.029515545645011354e+00	7.347599864006042480e-01
2.029200530329315466e+00	7.243635654449462891e-01
2.028885624440751378e+00	7.232646942138671875e-01
2.028570827925957776e+00	7.274001836776733398e-01
2.028256140731610646e+00	7.206179499626159668e-01
2.027941562804418840e+00	7.211589217185974121e-01
2.027627094091126736e+00	7.209141254425048828e-01
2.027312734538512018e+00	7.165703773498535156e-01
2.026998484093387454e+00	7.152029871940612793e-01
2.026684342702600450e+00	7.134182453155517578e-01
2.026370310313031275e+00	7.143762111663818359e-01
2.026056386871596615e+00	7.169740200042724609e-01
2.025742572325245572e+00	7.101359367370605469e-01
2.025428866620962332e+00	7.086847424507141113e-01
2.025115269705765719e+00	7.005829215049743652e-01
2.024801781526707867e+00	7.079706788063049316e-01
2.024488402030875100e+00	7.090192437171936035e-01
2.024175131165388830e+00	7.112240791320800781e-01
2.023861968877403328e+00	7.188915014266967773e-01
2.023548915114108393e+00	7.122552394866943359e-01
2.023235969822726243e+00	7.024977803230285645e-01
2.022923132950513736e+00	7.064499258995056152e-01
2.022610404444762366e+00	7.056866288185119629e-01
2.022297784252797825e+00	7.028993368148803711e-01
2.021985272321977778e+00	7.035696506500244141e-01
2.021672868599694972e+00	7.014738321304321289e-01
2.021360573033377683e+00	7.009429931640625000e-01
2.021048385570485273e+00	6.993179321289062500e-01
2.020736306158512186e+00	6.918060779571533203e-01
2.020424334744987060e+00	6.956316232681274414e-01
2.020112471277470956e+00	6.995148658752441406e-01
2.019800715703561345e+00	6.922888159751892090e-01
2.019489067970885898e+00	7.010285258293151855e-01
2.019177528027108259e+00	6.888296604156494141e-01
2.018866095819925821e+00	6.944122910499572754e-01
2.018554771297068395e+00	6.919863820075988770e-01
2.018243554406300877e+00	6.874727010726928711e-01
2.017932445095419691e+00	6.926462650299072266e-01
2.017621443312256790e+00	6.837685108184814453e-01
2.017310549004676989e+00	6.822585463523864746e-01
2.016999762120578410e+00	6.829467415809631348e-01
2.016689082607892480e+00	6.821666359901428223e-01
2.016378510414584824e+00	6.766226887702941895e-01
2.016068045488653038e+00	6.761347651481628418e-01
2.015757687778130247e+00	6.815801262855529785e-01
2.015447437231081107e+00	6.808571219444274902e-01
2.015137293795604467e+00	6.734251379966735840e-01
2.014827257419832929e+00	6.728558540344238281e-01
2.014517328051930622e+00	6.709656715393066406e-01
2.014207505640096763e+00	6.688170433044433594e-01
2.013897790132563426e+00	6.686190962791442871e-01
2.013588181477595107e+00	6.665689945220947266e-01
2.013278679623490053e+00	6.592144370079040527e-01
2.012969284518579816e+00	6.626231074333190918e-01
2.012659996111228811e+00	6.598598361015319824e-01
2.012350814349833428e+00	6.645050644874572754e-01
2.012041739182826916e+00	6.605592966079711914e-01
2.011732770558670502e+00	6.518294811248779297e-01
2.011423908425861828e+00	6.599472761154174805e-01
2.011115152732930955e+00	6.597840189933776855e-01
2.010806503428439918e+00	6.521891951560974121e-01
2.010497960460984945e+00	6.525655984878540039e-01
2.010189523779193799e+00	6.535068154335021973e-01
2.009881193331728433e+00	6.433396339416503906e-01
2.009572969067283221e+00	6.555845737457275391e-01
2.009264850934584512e+00	6.392595171928405762e-01
2.008956838882392848e+00	6.450611948966979980e-01
2.008648932859501191e+00	6.376262903213500977e-01
2.008341132814734920e+00	6.433079838752746582e-01
2.008033438696952278e+00	6.333283185958862305e-01
2.007725850455043037e+00	6.398743987083435059e-01
2.007418368037932055e+00	6.351515054702758789e-01
2.007110991394575272e+00	6.362419128417968750e-01
2.006803720473961494e+00	6.334881782531738281e-01
2.006496555225111944e+00	6.306421756744384766e-01
2.006189495597081596e+00	6.311575174331665039e-01
2.005882541538956065e+00	6.363835930824279785e-01
2.005575692999853832e+00	6.349926590919494629e-01
2.005268949928928457e+00	6.280692219734191895e-01
2.004962312275362812e+00	6.313930153846740723e-01
2.004655779988373521e+00	6.209444999694824219e-01
2.004349353017209623e+00	6.234769225120544434e-01
2.004043031311153023e+00	6.166437864303588867e-01
2.003736814819516265e+00	6.252713799476623535e-01
2.003430703491646536e+00	6.171830296516418457e-01
2.003124697276921218e+00	6.226711273193359375e-01
2.002818796124751888e+00	6.152611970901489258e-01
2.002512999984580766e+00	6.211261749267578125e-01
2.002207308805883379e+00	6.126812100410461426e-01
2.001901722538167228e+00	6.112480163574218750e-01
2.001596241130971787e+00	6.176642775535583496e-01
2.001290864533868508e+00	6.059785485267639160e-01
2.000985592696460813e+00	6.052113175392150879e-01
2.000680425568386323e+00	6.106653213500976562e-01
2.000375363099311077e+00	6.053819656372070312e-01
2.000070405238937088e+00	5.997079014778137207e-01
1.999765551936994790e+00	5.981072783470153809e-01
1.999460803143249255e+00	5.922695398330688477e-01
1.999156158807496642e+00	5.970636010169982910e-01
1.998851618879564862e+00	5.923193097114562988e-01
1.998547183309314024e+00	5.960337519645690918e-01
1.998242852046635543e+00	5.907185673713684082e-01
1.997938625041454141e+00	5.927147269248962402e-01
1.997634502243724519e+00	5.954999327659606934e-01
1.997330483603435347e+00	5.907873511314392090e-01
1.997026569070604607e+00	5.870622992515563965e-01
1.996722758595284253e+00	5.836134552955627441e-01
1.996419052127556437e+00	5.832709074020385742e-01
1.996115449617536397e+00	5.878245234489440918e-01
1.995811951015370456e+00	5.820620059967041016e-01
1.995508556271235578e+00	5.793896913528442383e-01
1.995205265335342482e+00	5.817876458168029785e-01
1.994902078157931413e+00	5.767418146133422852e-01
1.994598994689275928e+00	5.806639790534973145e-01
1.994296014879679779e+00	5.715425014495849609e-01
1.993993138679479804e+00	5.808641910552978516e-01
1.993690366039042816e+00	5.715419054031372070e-01
1.993387696908768048e+00	5.742680430412292480e-01
1.993085131239085372e+00	5.685221552848815918e-01
1.992782668980457528e+00	5.753273367881774902e-01
1.992480310083377226e+00	5.690276026725769043e-01
1.992178054498369599e+00	5.717457532882690430e-01
1.991875902175990865e+00	5.702264308929443359e-01
1.991573853066827660e+00	5.665390491485595703e-01
1.991271907121499485e+00	5.650397539138793945e-01
1.990970064290656261e+00	5.591949820518493652e-01
1.990668324524979216e+00	5.605366826057434082e-01
1.990366687775181553e+00	5.613980889320373535e-01
1.990065153992006453e+00	5.506200194358825684e-01
1.989763723126229067e+00	5.504700541496276855e-01
1.989462395128655858e+00	5.525671839714050293e-01
1.989161169950124153e+00	5.578976273536682129e-01
1.988860047541502585e+00	5.486690998077392578e-01
1.988559027853690431e+00	5.562334060668945312e-01
1.988258110837618275e+00	5.505459308624267578e-01
1.987957296444248456e+00	5.508610606193542480e-01
1.987656584624573286e+00	5.481453537940979004e-01
1.987355975329616609e+00	5.468525290489196777e-01
1.987055468510433354e+00	5.404455065727233887e-01
1.986755064118109315e+00	5.406960248947143555e-01
1.986454762103760485e+00	5.455746054649353027e-01
1.986154562418535496e+00	5.401929020881652832e-01
1.985854465013612069e+00	5.420991778373718262e-01
1.985554469840199454e+00	5.406407713890075684e-01
1.985254576849537989e+00	5.404766201972961426e-01
1.984954785992898874e+00	5.368933081626892090e-01
1.984655097221583286e+00	5.341770052909851074e-01
1.984355510486924379e+00	5.326542258262634277e-01
1.984056025740284612e+00	5.394673347473144531e-01
1.983756642933058423e+00	5.311968922615051270e-01
1.983457362016670666e+00	5.365867018699645996e-01
1.983158182942576175e+00	5.294376611709594727e-01
1.982859105662260646e+00	5.260818600654602051e-01
1.982560130127241749e+00	5.269833207130432129e-01
1.982261256289065354e+00	5.259140729904174805e-01
1.981962484099309751e+00	5.232819914817810059e-01
1.981663813509582983e+00	5.246203541755676270e-01
1.981365244471524178e+00	5.219065546989440918e-01
1.981066776936802665e+00	5.238298177719116211e-01
1.980768410857117079e+00	5.225965976715087891e-01
1.980470146184199143e+00	5.213115811347961426e-01
1.980171982869808334e+00	5.232912898063659668e-01
1.979873920865735881e+00	5.223662853240966797e-01
1.979575960123803657e+00	5.178732872009277344e-01
1.979278100595863066e+00	5.193884968757629395e-01
1.978980342233795930e+00	5.115765333175659180e-01
1.978682684989514717e+00	5.142579078674316406e-01
1.978385128814962535e+00	5.170901417732238770e-01
1.978087673662111357e+00	5.180299878120422363e-01
1.977790319482965131e+00	5.211176276206970215e-01
1.977493066229556895e+00	5.167306661605834961e-01
1.977195913853950104e+00	5.176422595977783203e-01
1.976898862308238414e+00	5.141853690147399902e-01
1.976601911544545676e+00	5.045899152755737305e-01
1.976305061515025940e+00	5.135522484779357910e-01
1.976008312171862569e+00	5.114897489547729492e-01
1.975711663467270895e+00	5.122052431106567383e-01
1.975415115353493567e+00	5.061461329460144043e-01
1.975118667782805648e+00	5.169416069984436035e-01
1.974822320707511070e+00	5.118135809898376465e-01
1.974526074079943738e+00	5.140580534934997559e-01
1.974229927852467981e+00	5.079523324966430664e-01
1.973933881977477434e+00	5.053915381431579590e-01
1.973637936407396154e+00	5.061785578727722168e-01
1.973342091094677730e+00	5.056695938110351562e-01
1.973046345991806172e+00	5.112770199775695801e-01
1.972750701051294353e+00	5.094857811927795410e-01
1.972455156225685569e+00	5.058153867721557617e-01
1.972159711467553311e+00	5.019089579582214355e-01
1.971864366729499718e+00	5.090727806091308594e-01
1.971569121964157789e+00	5.063948035240173340e-01
1.971273977124189170e+00	4.963003098964691162e-01
1.970978932162286590e+00	5.065039992332458496e-01
1.970683987031170759e+00	5.098343491554260254e-01
1.970389141683593692e+00	4.987024068832397461e-01
1.970094396072335163e+00	5.050546526908874512e-01
1.969799750150206252e+00	4.995109140872955322e-01
1.969505203870047350e+00	4.997706115245819092e-01
1.969210757184727267e+00	5.033956170082092285e-01
1.968916410047145460e+00	5.013481974601745605e-01
1.968622162410230247e+00	5.047962069511413574e-01
1.968328014226939704e+00	5.000034570693969727e-01
1.968033965450262102e+00	5.050725340843200684e-01
1.967740016033212580e+00	5.010501146316528320e-01
1.967446165928839807e+00	4.930560290813446045e-01
1.967152415090217543e+00	4.928324818611145020e-01
1.966858763470451965e+00	4.954845011234283447e-01
1.966565211022677451e+00	4.979048967361450195e-01
1.966271757700057021e+00	4.972084462642669678e-01
1.965978403455784784e+00	4.946507215499877930e-01
1.965685148243081937e+00	4.912491142749786377e-01
1.965391992015200984e+00	4.914598464965820312e-01
1.965098934725422408e+00	4.916210472583770752e-01
1.964805976327056003e+00	4.920173585414886475e-01
1.964513116773441537e+00	4.914591610431671143e-01
1.964220356017946756e+00	4.862225353717803955e-01
1.963927694013968939e+00	4.912825524806976318e-01
1.963635130714935340e+00	4.941528141498565674e-01
1.963342666074301857e+00	4.928098917007446289e-01
1.963050300045552587e+00	4.918086230754852295e-01
1.962758032582200940e+00	4.953219294548034668e-01
1.962465863637790964e+00	4.869006574153900146e-01
1.962173793165893354e+00	4.942975044250488281e-01
1.961881821120109226e+00	4.901008009910583496e-01
1.961589947454069005e+00	4.937808513641357422e-01
1.961298172121429984e+00	4.907543063163757324e-01
1.961006495075881206e+00	4.977283477783203125e-01
1.960714916271138364e+00	4.949465095996856689e-01
1.960423435660946456e+00	4.970752298831939697e-01
1.960132053199080904e+00	4.901946187019348145e-01
1.959840768839343550e+00	4.953013956546783447e-01
1.959549582535565770e+00	4.997821152210235596e-01
1.959258494241609583e+00	4.913563728332519531e-01
1.958967503911363650e+00	4.936213493347167969e-01
1.958676611498745501e+00	4.951097965240478516e-01
1.958385816957702641e+00	4.863808453083038330e-01
1.958095120242209664e+00	4.921163916587829590e-01
1.957804521306271361e+00	4.856384396553039551e-01
1.957514020103920283e+00	4.939929842948913574e-01
1.957223616589217619e+00	4.894798696041107178e-01
1.956933310716253205e+00	4.909858405590057373e-01
1.956643102439145743e+00	4.940004646778106689e-01
1.956352991712042577e+00	4.940348267555236816e-01
1.956062978489118587e+00	4.955595433712005615e-01
1.955773062724578626e+00	4.939430356025695801e-01
1.955483244372654639e+00	4.907871782779693604e-01
1.955193523387607657e+00	4.943288564682006836e-01
1.954903899723727578e+00	4.980422258377075195e-01
1.954614373335332056e+00	4.904901087284088135e-01
1.954324944176767165e+00	4.933371543884277344e-01
1.954035612202408068e+00	5.047855973243713379e-01
1.953746377366656795e+00	4.958533644676208496e-01
1.953457239623946018e+00	4.974508285522460938e-01
1.953168198928734389e+00	4.988979697227478027e-01
1.952879255235510314e+00	4.970299005508422852e-01
1.952590408498789509e+00	4.981852769851684570e-01
1.952301658673116780e+00	4.974170327186584473e-01
1.952013005713064464e+00	4.974499940872192383e-01
1.951724449573233322e+00	4.968667328357696533e-01
1.951435990208252758e+00	5.031600594520568848e-01
1.951147627572780152e+00	4.992834329605102539e-01
1.950859361621499533e+00	5.006787776947021484e-01
1.950571192309125346e+00	5.038307905197143555e-01
1.950283119590399350e+00	5.068007707595825195e-01
1.949995143420089949e+00	5.070912837982177734e-01
1.949707263752995967e+00	5.050163269042968750e-01
1.949419480543941985e+00	5.144621729850769043e-01
1.949131793747782115e+00	5.099620819091796875e-01
1.948844203319397783e+00	5.066980719566345215e-01
1.948556709213698168e+00	5.046165585517883301e-01
1.948269311385621760e+00	5.125816464424133301e-01
1.947982009790133251e+00	5.072405934333801270e-01
1.947694804382225975e+00	5.125858783721923828e-01
1.947407695116921023e+00	5.091250538825988770e-01
1.947120681949267906e+00	5.105038285255432129e-01
1.946833764834342562e+00	5.165429115295410156e-01
1.946546943727249790e+00	5.100755691528320312e-01
1.946260218583122592e+00	5.123382806777954102e-01
1.945973589357121059e+00	5.170502662658691406e-01
1.945687056004432369e+00	5.155134797096252441e-01
1.945400618480272792e+00	5.143437981605529785e-01
1.945114276739885906e+00	5.098828673362731934e-01
1.944828030738541935e+00	5.134946107864379883e-01
1.944541880431539749e+00	5.129603147506713867e-01
1.944255825774205970e+00	5.128650665283203125e-01
1.943969866721894091e+00	5.119524598121643066e-01
1.943684003229986246e+00	5.159017443656921387e-01
1.943398235253890549e+00	5.218550562858581543e-01
1.943112562749044425e+00	5.222209692001342773e-01
1.942826985670911499e+00	5.160698890686035156e-01
1.942541503974983597e+00	5.172832012176513672e-01
1.942256117616779854e+00	5.226618051528930664e-01
1.941970826551846496e+00	5.252674818038940430e-01
1.941685630735757950e+00	5.257852673530578613e-01
1.941400530124115731e+00	5.278524160385131836e-01
1.941115524672548887e+00	5.198738574981689453e-01
1.940830614336712667e+00	5.316461324691772461e-01
1.940545799072291411e+00	5.285517573356628418e-01
1.940261078834995656e+00	5.280101299285888672e-01
1.939976453580563698e+00	5.336477756500244141e-01
1.939691923264761586e+00	5.323185324668884277e-01
1.939407487843380906e+00	5.347544550895690918e-01
1.939123147272242997e+00	5.366104245185852051e-01
1.938838901507194512e+00	5.340110063552856445e-01
1.938554750504109636e+00	5.350353121757507324e-01
1.938270694218890533e+00	5.416918992996215820e-01
1.937986732607465790e+00	5.421282649040222168e-01
1.937702865625791748e+00	5.409638285636901855e-01
1.937419093229850731e+00	5.462537407875061035e-01
1.937135415375653480e+00	5.466505289077758789e-01
1.936851832019237385e+00	5.467046499252319336e-01
1.936568343116666480e+00	5.492395758628845215e-01
1.936284948624032776e+00	5.504675507545471191e-01
1.936001648497453598e+00	5.528721213340759277e-01
1.935718442693074470e+00	5.536860227584838867e-01
1.935435331167068895e+00	5.518135428428649902e-01
1.935152313875635244e+00	5.525427460670471191e-01
1.934869390775000086e+00	5.518996119499206543e-01
1.934586561821416639e+00	5.625331997871398926e-01
1.934303826971165208e+00	5.609402656555175781e-01
1.934021186180552077e+00	5.642914772033691406e-01
1.933738639405911286e+00	5.617032051086425781e-01
1.933456186603604854e+00	5.750134587287902832e-01
1.933173827730018113e+00	5.642662644386291504e-01
1.932891562741566149e+00	5.730910897254943848e-01
1.932609391594690917e+00	5.790503621101379395e-01
1.932327314245858574e+00	5.697376132011413574e-01
1.932045330651565251e+00	5.731565952301025391e-01
1.931763440768330620e+00	5.831008553504943848e-01
1.931481644552703658e+00	5.777494907379150391e-01
1.931199941961258659e+00	5.783384442329406738e-01
1.930918332950597005e+00	5.853087902069091797e-01
1.930636817477346057e+00	5.901733040809631348e-01
1.930355395498160931e+00	5.909431576728820801e-01
1.930074066969722280e+00	5.968079566955566406e-01
1.929792831848737400e+00	5.905812382698059082e-01
1.929511690091941345e+00	5.971250534057617188e-01
1.929230641656093814e+00	5.983420610427856445e-01
1.928949686497982485e+00	6.011079549789428711e-01
1.928668824574421015e+00	6.035501956939697266e-01
1.928388055842249926e+00	6.067372560501098633e-01
1.928107380258335057e+00	6.085489988327026367e-01
1.927826797779569779e+00	6.117501854896545410e-01
1.927546308362873884e+00	6.163067221641540527e-01
1.927265911965192258e+00	6.186096072196960449e-01
1.926985608543497763e+00	6.191679835319519043e-01
1.926705398054789020e+00	6.258732676506042480e-01
1.926425280456090405e+00	6.261377930641174316e-01
1.926145255704453163e+00	6.243239641189575195e-01
1.925865323756954517e+00	6.262105703353881836e-01
1.925585484570698780e+00	6.271662116050720215e-01
1.925305738102815578e+00	6.400275230407714844e-01
1.925026084310460295e+00	6.367293000221252441e-01
1.924746523150816513e+00	6.445949673652648926e-01
1.924467054581092018e+00	6.373490691184997559e-01
1.924187678558521464e+00	6.498573422431945801e-01
1.923908395040365926e+00	6.506386399269104004e-01
1.923629203983912683e+00	6.570025682449340820e-01
1.923350105346473882e+00	6.595711708068847656e-01
1.923071099085389424e+00	6.571476459503173828e-01
1.922792185158023859e+00	6.578009724617004395e-01
1.922513363521769048e+00	6.627863645553588867e-01
1.922234634134042386e+00	6.661116480827331543e-01
1.921955996952285917e+00	6.689354181289672852e-01
1.921677451933970548e+00	6.706299781799316406e-01
1.921398999036590505e+00	6.759762167930603027e-01
1.921120638217666432e+00	6.843851804733276367e-01
1.920842369434746733e+00	6.876836419105529785e-01
1.920564192645403345e+00	6.829054355621337891e-01
1.920286107807235965e+00	6.921496987342834473e-01
1.920008114877868488e+00	6.879382729530334473e-01
1.919730213814951902e+00	7.033388614654541016e-01
1.919452404576162508e+00	6.960806846618652344e-01
1.919174687119202360e+00	7.030572891235351562e-01
1.918897061401799720e+00	7.103936076164245605e-01
1.918619527381708156e+00	7.135826349258422852e-01
1.918342085016707443e+00	7.184534072875976562e-01
1.918064734264602444e+00	7.163549661636352539e-01
1.917787475083224447e+00	7.213187813758850098e-01
1.917510307430429162e+00	7.196883559226989746e-01
1.917233231264099835e+00	7.281371951103210449e-01
1.916956246542144138e+00	7.281681895256042480e-01
1.916679353222495719e+00	7.408671379089355469e-01
1.916402551263113097e+00	7.330622076988220215e-01
1.916125840621981435e+00	7.477132081985473633e-01
1.915849221257111656e+00	7.509510517120361328e-01
1.915572693126538439e+00	7.513745427131652832e-01
1.915296256188324442e+00	7.540677189826965332e-01
1.915019910400555414e+00	7.600392103195190430e-01
1.914743655721344417e+00	7.629176974296569824e-01
1.914467492108829161e+00	7.719544172286987305e-01
1.914191419521172888e+00	7.715924978256225586e-01
1.913915437916564377e+00	7.724062800407409668e-01
1.913639547253217943e+00	7.834035754203796387e-01
1.913363747489372768e+00	7.854188680648803711e-01
1.913088038583294237e+00	7.884094119071960449e-01
1.912812420493272603e+00	7.927881479263305664e-01
1.912536893177623210e+00	7.950744628906250000e-01
1.912261456594687381e+00	7.977889180183410645e-01
1.911986110702830644e+00	8.022580742835998535e-01
1.911710855460445169e+00	8.123657703399658203e-01
1.911435690825947553e+00	8.169077038764953613e-01
1.911160616757780151e+00	8.200322389602661133e-01
1.910885633214408852e+00	8.202633857727050781e-01
1.910610740154328413e+00	8.302405476570129395e-01
1.910335937536054240e+00	8.369608521461486816e-01
1.910061225318130829e+00	8.381032347679138184e-01
1.909786603459124654e+00	8.343610763549804688e-01
1.909512071917629283e+00	8.485028147697448730e-01
1.909237630652263373e+00	8.564462661743164062e-01
1.908963279621669784e+00	8.640848398208618164e-01
1.908689018784516911e+00	8.609893918037414551e-01
1.908414848099498240e+00	8.723003268241882324e-01
1.908140767525331905e+00	8.806285858154296875e-01
1.907866777020761351e+00	8.842706680297851562e-01
1.907592876544554894e+00	8.889158964157104492e-01
1.907319066055506385e+00	8.909262418746948242e-01
1.907045345512434098e+00	8.912652730941772461e-01
1.906771714874180512e+00	9.006164073944091797e-01
1.906498174099614307e+00	9.018962383270263672e-01
1.906224723147628808e+00	9.075003862380981445e-01
1.905951361977141545e+00	9.009463191032409668e-01
1.905678090547096026e+00	9.128863811492919922e-01
1.905404908816459075e+00	9.138211607933044434e-01
1.905131816744223716e+00	9.209460020065307617e-01
1.904858814289406732e+00	9.300916790962219238e-01
1.904585901411050664e+00	9.372775554656982422e-01
1.904313078068221810e+00	9.338873624801635742e-01
1.904040344220012670e+00	9.450346231460571289e-01
1.903767699825538395e+00	9.414128661155700684e-01
1.903495144843940778e+00	9.422655701637268066e-01
1.903222679234385595e+00	9.535171985626220703e-01
1.902950302956062822e+00	9.525492787361145020e-01
1.902678015968187530e+00	9.534833431243896484e-01
1.902405818229999435e+00	9.572795033454895020e-01
1.902133709700763342e+00	9.679138064384460449e-01
1.901861690339767152e+00	9.701364636421203613e-01
1.901589760106324967e+00	9.689677357673645020e-01
1.901317918959774866e+00	9.689995646476745605e-01
1.901046166859479136e+00	9.718128442764282227e-01
1.900774503764825152e+00	9.791819453239440918e-01
1.900502929635223603e+00	9.796922802925109863e-01
1.900231444430111827e+00	9.795352816581726074e-01
1.899960048108949584e+00	9.809435606002807617e-01
1.899688740631222394e+00	9.862008690834045410e-01
1.899417521956438870e+00	9.828196167945861816e-01
1.899146392044133380e+00	9.887152314186096191e-01
1.898875350853864497e+00	9.890460371971130371e-01
1.898604398345214328e+00	9.854016900062561035e-01
1.898333534477790074e+00	9.900207519531250000e-01
1.898062759211222472e+00	9.947265982627868652e-01
1.897792072505167793e+00	9.904850125312805176e-01
1.897521474319306067e+00	9.975850582122802734e-01
1.897250964613340640e+00	9.831280708312988281e-01
1.896980543347000836e+00	9.961718320846557617e-01
1.896710210480038850e+00	9.879643917083740234e-01
1.896439965972231523e+00	9.926531314849853516e-01
1.896169809783381011e+00	9.896545410156250000e-01
1.895899741873311672e+00	9.895651340484619141e-01
1.895629762201873403e+00	9.894216060638427734e-01
1.895359870728939633e+00	1.000000000000000000e+00
1.895090067414408441e+00	9.934476017951965332e-01
1.894820352218201442e+00	9.927716851234436035e-01
1.894550725100265343e+00	9.928437471389770508e-01
1.894281186020569274e+00	9.901775717735290527e-01
1.894011734939108571e+00	9.871174097061157227e-01
1.893742371815900327e+00	9.900854229927062988e-01
1.893473096610987616e+00	9.883937835693359375e-01
1.893203909284436603e+00	9.848236441612243652e-01
1.892934809796336770e+00	9.829820394515991211e-01
1.892665798106803354e+00	9.703638553619384766e-01
1.892396874175974020e+00	9.780299067497253418e-01
1.892128037964010856e+00	9.777950048446655273e-01
1.891859289431100377e+00	9.778612256050109863e-01
1.891590628537452190e+00	9.725795984268188477e-01
1.891322055243299882e+00	9.665669202804565430e-01
1.891053569508901910e+00	9.606699347496032715e-01
1.890785171294539158e+00	9.679069519042968750e-01
1.890516860560516932e+00	9.551135897636413574e-01
1.890248637267165410e+00	9.540890455245971680e-01
1.889980501374836308e+00	9.411679506301879883e-01
1.889712452843906876e+00	9.506405591964721680e-01
1.889444491634778345e+00	9.372620582580566406e-01
1.889176617707873929e+00	9.337343573570251465e-01
1.888908831023642154e+00	9.285413622856140137e-01
1.888641131542554419e+00	9.303500056266784668e-01
1.888373519225106767e+00	9.212482571601867676e-01
1.888105994031817447e+00	9.159716367721557617e-01
1.887838555923229134e+00	9.094362854957580566e-01
1.887571204859909368e+00	9.132910370826721191e-01
1.887303940802447011e+00	9.048698544502258301e-01
1.887036763711455789e+00	8.995934128761291504e-01
1.886769673547572967e+00	8.974536657333374023e-01
1.886502670271459348e+00	8.798394799232482910e-01
1.886235753843798602e+00	8.823787569999694824e-01
1.885968924225299492e+00	8.801251649856567383e-01
1.885702181376692543e+00	8.743271827697753906e-01
1.885435525258732703e+00	8.696919083595275879e-01
1.885168955832198456e+00	8.646383285522460938e-01
1.884902473057891159e+00	8.547483086585998535e-01
1.884636076896636148e+00	8.539413809776306152e-01
1.884369767309282073e+00	8.519539833068847656e-01
1.884103544256701124e+00	8.408985733985900879e-01
1.883837407699787914e+00	8.324928283691406250e-01
1.883571357599461704e+00	8.215919137001037598e-01
1.883305393916664627e+00	8.216052651405334473e-01
1.883039516612362574e+00	8.098573088645935059e-01
1.882773725647542973e+00	8.017362356185913086e-01
1.882508020983219010e+00	7.980833649635314941e-01
1.882242402580425189e+00	7.886134386062622070e-01
1.881976870400221102e+00	7.913608551025390625e-01
1.881711424403687660e+00	7.833066582679748535e-01
1.881446064551930197e+00	7.720859646797180176e-01
1.881180790806077141e+00	7.683407664299011230e-01
1.880915603127280233e+00	7.651706337928771973e-01
1.880650501476713865e+00	7.555078864097595215e-01
1.880385485815575519e+00	7.561790943145751953e-01
1.880120556105086438e+00	7.518400549888610840e-01
1.879855712306490956e+00	7.412768006324768066e-01
1.879590954381055834e+00	7.380365729331970215e-01
1.879326282290072037e+00	7.316204309463500977e-01
1.879061695994851844e+00	7.302753925323486328e-01
1.878797195456732405e+00	7.280583381652832031e-01
1.878532780637073518e+00	7.129929661750793457e-01
1.878268451497257185e+00	7.123286724090576172e-01
1.878004207998688502e+00	7.098788619041442871e-01
1.877740050102796765e+00	6.944621205329895020e-01
1.877475977771032811e+00	6.936855316162109375e-01
1.877211990964872124e+00	6.863813400268554688e-01
1.876948089645810613e+00	6.784029006958007812e-01
1.876684273775369283e+00	6.738276481628417969e-01
1.876420543315090894e+00	6.725056171417236328e-01
1.876156898226541969e+00	6.669806838035583496e-01
1.875893338471310789e+00	6.605816483497619629e-01
1.875629864011010284e+00	6.509591341018676758e-01
1.875366474807274475e+00	6.491096019744873047e-01
1.875103170821760701e+00	6.401236653327941895e-01
1.874839952016148725e+00	6.362070441246032715e-01
1.874576818352142293e+00	6.303228139877319336e-01
1.874313769791466910e+00	6.220340132713317871e-01
1.874050806295871618e+00	6.135787367820739746e-01
1.873787927827126332e+00	6.187293529510498047e-01
1.873525134347026722e+00	6.061596274375915527e-01
1.873262425817387999e+00	6.013772487640380859e-01
1.872999802200050246e+00	6.001939177513122559e-01
1.872737263456875967e+00	5.976486206054687500e-01
1.872474809549748764e+00	5.904649496078491211e-01
1.872212440440577108e+00	5.840628147125244141e-01
1.871950156091289674e+00	5.865550637245178223e-01
1.871687956463840008e+00	5.701732039451599121e-01
1.871425841520202749e+00	5.665369033813476562e-01
1.871163811222375406e+00	5.717469453811645508e-01
1.870901865532378805e+00	5.680299401283264160e-01
1.870640004412255308e+00	5.577794909477233887e-01
1.870378227824070150e+00	5.505421757698059082e-01
1.870116535729910989e+00	5.511834621429443359e-01
1.869854928091888580e+00	5.419279336929321289e-01
1.869593404872134768e+00	5.423954725265502930e-01
1.869331966032805825e+00	5.347311496734619141e-01
1.869070611536078452e+00	5.305316448211669922e-01
1.868809341344152886e+00	5.323543548583984375e-01
1.868548155419251566e+00	5.221736431121826172e-01
1.868287053723619140e+00	5.173389911651611328e-01
1.868026036219522901e+00	5.135151743888854980e-01
1.867765102869252791e+00	5.057474374771118164e-01
1.867504253635119849e+00	5.102738142013549805e-01
1.867243488479458646e+00	5.013981461524963379e-01
1.866982807364625074e+00	4.984827637672424316e-01
1.866722210252998781e+00	5.010161399841308594e-01
1.866461697106980511e+00	4.881390333175659180e-01
1.866201267888992321e+00	4.936797916889190674e-01
1.865940922561481363e+00	4.864530861377716064e-01
1.865680661086914327e+00	4.833495616912841797e-01
1.865420483427781440e+00	4.818317890167236328e-01
1.865160389546594466e+00	4.734326303005218506e-01
1.864900379405887598e+00	4.752492010593414307e-01
1.864640452968217676e+00	4.679108858108520508e-01
1.864380610196163079e+00	4.723339974880218506e-01
1.864120851052323724e+00	4.711036086082458496e-01
1.863861175499323508e+00	4.592831134796142578e-01
1.863601583499806758e+00	4.560789167881011963e-01
1.863342075016439559e+00	4.570126533508300781e-01
1.863082650011911978e+00	4.583264291286468506e-01
1.862823308448934290e+00	4.560501277446746826e-01
1.862564050290240303e+00	4.555494785308837891e-01
1.862304875498583812e+00	4.496821463108062744e-01
1.862045784036742813e+00	4.445877373218536377e-01
1.861786775867515731e+00	4.457600116729736328e-01
1.861527850953723195e+00	4.421193897724151611e-01
1.861269009258208929e+00	4.335617423057556152e-01
1.861010250743837080e+00	4.367748200893402100e-01
1.860751575373494449e+00	4.367167651653289795e-01
1.860492983110089593e+00	4.281781315803527832e-01
1.860234473916552833e+00	4.216413199901580811e-01
1.859976047755836470e+00	4.212176501750946045e-01
1.859717704590914789e+00	4.195201694965362549e-01
1.859459444384783389e+00	4.127435684204101562e-01
1.859201267100460742e+00	4.130910634994506836e-01
1.858943172700985524e+00	4.101781845092773438e-01
1.858685161149419729e+00	4.086783826351165771e-01
1.858427232408845997e+00	4.011782705783843994e-01
1.858169386442369841e+00	4.038340449333190918e-01
1.857911623213116981e+00	4.015023708343505859e-01
1.857653942684235782e+00	4.018501043319702148e-01
1.857396344818897038e+00	3.981058895587921143e-01
1.857138829580291528e+00	3.944182097911834717e-01
1.856881396931632899e+00	3.933572769165039062e-01
1.856624046836155451e+00	3.902463316917419434e-01
1.856366779257117017e+00	3.904612362384796143e-01
1.856109594157795417e+00	3.831086754798889160e-01
1.855852491501490009e+00	3.839369714260101318e-01
1.855595471251522355e+00	3.832817971706390381e-01
1.855338533371235332e+00	3.831920325756072998e-01
1.855081677823993580e+00	3.828936219215393066e-01
1.854824904573183497e+00	3.744513690471649170e-01
1.854568213582211911e+00	3.737528622150421143e-01
1.854311604814508518e+00	3.758278191089630127e-01
1.854055078233523890e+00	3.703565597534179688e-01
1.853798633802729467e+00	3.650261759757995605e-01
1.853542271485618675e+00	3.621264100074768066e-01
1.853285991245707365e+00	3.653985261917114258e-01
1.853029793046531593e+00	3.621095716953277588e-01
1.852773676851648954e+00	3.592596054077148438e-01
1.852517642624638361e+00	3.612132370471954346e-01
1.852261690329100929e+00	3.622963130474090576e-01
1.852005819928657981e+00	3.592511713504791260e-01
1.851750031386953266e+00	3.572248816490173340e-01
1.851494324667650959e+00	3.570998311042785645e-01
1.851238699734437443e+00	3.520043492317199707e-01
1.850983156551019526e+00	3.489039242267608643e-01
1.850727695081125557e+00	3.452768921852111816e-01
1.850472315288506087e+00	3.499158620834350586e-01
1.850217017136931652e+00	3.451906442642211914e-01
1.849961800590193661e+00	3.395047485828399658e-01
1.849706665612107059e+00	3.503212332725524902e-01
1.849451612166505887e+00	3.436840176582336426e-01
1.849196640217245502e+00	3.473675549030303955e-01
1.848941749728203909e+00	3.400818109512329102e-01
1.848686940663278655e+00	3.423449099063873291e-01
1.848432212986389045e+00	3.423450589179992676e-01
1.848177566661476146e+00	3.336305618286132812e-01
1.847923001652500785e+00	3.368415534496307373e-01
1.847668517923445997e+00	3.356028795242309570e-01
1.847414115438315907e+00	3.401298522949218750e-01
1.847159794161135293e+00	3.368350863456726074e-01
1.846905554055949583e+00	3.425843715667724609e-01
1.846651395086825964e+00	3.390230536460876465e-01
1.846397317217851830e+00	3.299039304256439209e-01
1.846143320413137445e+00	3.324492871761322021e-01
1.845889404636811282e+00	3.342666625976562500e-01
1.845635569853025570e+00	3.301153779029846191e-01
1.845381816025951194e+00	3.286005258560180664e-01
1.845128143119781239e+00	3.287178277969360352e-01
1.844874551098729887e+00	3.219961524009704590e-01
1.844621039927031303e+00	3.264234066009521484e-01
1.844367609568940969e+00	3.237894475460052490e-01
1.844114259988736126e+00	3.147382140159606934e-01
1.843860991150713113e+00	3.143706917762756348e-01
1.843607803019190472e+00	3.116544485092163086e-01
1.843354695558507172e+00	3.134717345237731934e-01
1.843101668733023724e+00	3.141069114208221436e-01
1.842848722507119508e+00	3.102530837059020996e-01
1.842595856845196778e+00	3.096092641353607178e-01
1.842343071711677771e+00	3.134434223175048828e-01
1.842090367071004708e+00	3.046818077564239502e-01
1.841837742887642015e+00	3.054122626781463623e-01
1.841585199126073880e+00	2.979459762573242188e-01
1.841332735750805583e+00	2.972677052021026611e-01
1.841080352726362390e+00	3.014892935752868652e-01
1.840828050017291773e+00	2.971071898937225342e-01
1.840575827588160074e+00	2.972100973129272461e-01
1.840323685403556064e+00	2.920247912406921387e-01
1.840071623428086944e+00	2.927291989326477051e-01
1.839819641626383007e+00	2.996844947338104248e-01
1.839567739963093418e+00	2.969480752944946289e-01
1.839315918402888661e+00	2.974379062652587891e-01
1.839064176910459647e+00	2.934284806251525879e-01
1.838812515450517937e+00	2.904000878334045410e-01
1.838560933987795520e+00	2.926298081874847412e-01
1.838309432487044148e+00	2.888794243335723877e-01
1.838058010913038443e+00	2.959588170051574707e-01
1.837806669230570566e+00	2.891058623790740967e-01
1.837555407404455554e+00	2.913695573806762695e-01
1.837304225399527313e+00	2.943003773689270020e-01
1.837053123180641068e+00	2.873017787933349609e-01
1.836802100712672248e+00	2.863810658454895020e-01
1.836551157960516711e+00	2.879840135574340820e-01
1.836300294889090745e+00	2.848796546459197998e-01
1.836049511463331285e+00	2.858305871486663818e-01
1.835798807648194808e+00	2.752212285995483398e-01
1.835548183408659551e+00	2.782925963401794434e-01
1.835297638709723067e+00	2.821962535381317139e-01
1.835047173516402896e+00	2.838879823684692383e-01
1.834796787793738559e+00	2.785333395004272461e-01
1.834546481506787563e+00	2.714017033576965332e-01
1.834296254620629840e+00	2.717826366424560547e-01
1.834046107100364864e+00	2.779035866260528564e-01
1.833796038911111426e+00	2.718121111392974854e-01
1.833546050018010076e+00	2.771804630756378174e-01
1.833296140386221129e+00	2.756216228008270264e-01
1.833046309980924216e+00	2.746152877807617188e-01
1.832796558767320505e+00	2.695615589618682861e-01
1.832546886710630485e+00	2.693065106868743896e-01
1.832297293776094849e+00	2.701965272426605225e-01
1.832047779928974718e+00	2.762504816055297852e-01
1.831798345134551864e+00	2.677294313907623291e-01
1.831548989358127377e+00	2.657000422477722168e-01
1.831299712565022553e+00	2.721083760261535645e-01
1.831050514720578892e+00	2.708514332771301270e-01
1.830801395790158548e+00	2.701095938682556152e-01
1.830552355739142545e+00	2.700102627277374268e-01
1.830303394532933003e+00	2.673428058624267578e-01
1.830054512136952694e+00	2.621544301509857178e-01
1.829805708516642149e+00	2.695037722587585449e-01
1.829556983637464107e+00	2.541504204273223877e-01
1.829308337464900180e+00	2.580720782279968262e-01
1.829059769964452187e+00	2.586411237716674805e-01
1.828811281101642150e+00	2.601688206195831299e-01
1.828562870842012522e+00	2.575665712356567383e-01
1.828314539151124185e+00	2.613143324851989746e-01
1.828066285994559337e+00	2.601447105407714844e-01
1.827818111337919271e+00	2.576707601547241211e-01
1.827570015146825488e+00	2.517924606800079346e-01
1.827321997386920138e+00	2.614308297634124756e-01
1.827074058023863801e+00	2.530871331691741943e-01
1.826826197023338150e+00	2.568385601043701172e-01
1.826578414351043511e+00	2.519563138484954834e-01
1.826330709972701083e+00	2.583610117435455322e-01
1.826083083854051825e+00	2.570695877075195312e-01
1.825835535960855793e+00	2.477397769689559937e-01
1.825588066258893472e+00	2.507422864437103271e-01
1.825340674713964662e+00	2.555558383464813232e-01
1.825093361291888927e+00	2.476027607917785645e-01
1.824846125958506704e+00	2.474575638771057129e-01
1.824598968679675748e+00	2.499030977487564087e-01
1.824351889421276462e+00	2.529879510402679443e-01
1.824104888149206793e+00	2.491560578346252441e-01
1.823857964829385558e+00	2.466089129447937012e-01
1.823611119427749783e+00	2.467235922813415527e-01
1.823364351910258030e+00	2.482211291790008545e-01
1.823117662242887071e+00	2.504292130470275879e-01
1.822871050391634773e+00	2.506697773933410645e-01
1.822624516322516763e+00	2.502674758434295654e-01
1.822378060001569766e+00	2.511392831802368164e-01
1.822131681394849156e+00	2.451889514923095703e-01
1.821885380468430737e+00	2.505399286746978760e-01
1.821639157188408742e+00	2.454354315996170044e-01
1.821393011520898053e+00	2.422031760215759277e-01
1.821146943432032650e+00	2.432012706995010376e-01
1.820900952887966051e+00	2.392964810132980347e-01
1.820655039854870871e+00	2.414128035306930542e-01
1.820409204298939931e+00	2.405337691307067871e-01
1.820163446186385148e+00	2.431556284427642822e-01
1.819917765483437977e+00	2.420206815004348755e-01
1.819672162156349193e+00	2.410461008548736572e-01
1.819426636171388445e+00	2.463686317205429077e-01
1.819181187494846919e+00	2.408052682876586914e-01
1.818935816093032454e+00	2.463960945606231689e-01
1.818690521932274207e+00	2.392836064100265503e-01
1.818445304978919541e+00	2.412685900926589966e-01
1.818200165199336471e+00	2.417406886816024780e-01
1.817955102559910552e+00	2.379426062107086182e-01
1.817710117027048655e+00	2.366296350955963135e-01
1.817465208567175639e+00	2.346244752407073975e-01
1.817220377146735899e+00	2.341482937335968018e-01
1.816975622732193818e+00	2.334610968828201294e-01
1.816730945290032206e+00	2.286998033523559570e-01
1.816486344786753193e+00	2.227461636066436768e-01
1.816241821188878891e+00	2.326310425996780396e-01
1.815997374462949843e+00	2.296742200851440430e-01
1.815753004575525908e+00	2.263448387384414673e-01
1.815508711493187377e+00	2.242267280817031860e-01
1.815264495182532301e+00	2.232485711574554443e-01
1.815020355610177827e+00	2.180798947811126709e-01
1.814776292742761532e+00	2.244404256343841553e-01
1.814623962151008740e+00	2.214547246694564819e-01
1.814377129182255244e+00	2.165183275938034058e-01
1.814130373752536274e+00	2.210875153541564941e-01
1.813883695828178766e+00	2.252773195505142212e-01
1.813637095375529196e+00	2.184013575315475464e-01
1.813390572360954245e+00	2.249915748834609985e-01
1.813144126750837914e+00	2.226420044898986816e-01
1.812897758511585744e+00	2.266399413347244263e-01
1.812651467609620370e+00	2.150606811046600342e-01
1.812405254011385747e+00	2.231526523828506470e-01
1.812159117683343368e+00	2.248872965574264526e-01
1.811913058591975156e+00	2.207749933004379272e-01
1.811667076703781243e+00	2.228542417287826538e-01
1.811421171985281742e+00	2.186846286058425903e-01
1.811175344403015419e+00	2.201467454433441162e-01
1.810929593923540804e+00	2.228206843137741089e-01
1.810683920513435297e+00	2.221874296665191650e-01
1.810438324139294508e+00	2.195830345153808594e-01
1.810192804767734698e+00	2.178731560707092285e-01
1.809947362365390777e+00	2.226990014314651489e-01
1.809701996898915866e+00	2.220340967178344727e-01
1.809456708334983732e+00	2.217450737953186035e-01
1.809211496640285244e+00	2.193995565176010132e-01
1.808966361781532139e+00	2.207238525152206421e-01
1.808721303725454366e+00	2.216584831476211548e-01
1.808476322438800743e+00	2.259311676025390625e-01
1.808231417888339854e+00	2.236491888761520386e-01
1.807986590040857600e+00	2.199524790048599243e-01
1.807741838863161643e+00	2.219087928533554077e-01
1.807497164322076300e+00	2.176802009344100952e-01
1.807252566384445647e+00	2.208171784877777100e-01
1.807008045017132636e+00	2.203608304262161255e-01
1.806763600187018870e+00	2.153045833110809326e-01
1.806519231861005936e+00	2.184930741786956787e-01
1.806274940006012519e+00	2.203981131315231323e-01
1.806030724588978176e+00	2.165937274694442749e-01
1.805786585576860226e+00	2.128624469041824341e-01
1.805542522936634864e+00	2.113751918077468872e-01
1.805298536635297380e+00	2.131656855344772339e-01
1.805054626639861715e+00	2.099266052246093750e-01
1.804810792917360684e+00	2.183413356542587280e-01
1.804567035434846201e+00	2.120230942964553833e-01
1.804323354159389048e+00	2.085871100425720215e-01
1.804079749058077775e+00	2.058152705430984497e-01
1.803836220098021359e+00	2.099332958459854126e-01
1.803592767246346096e+00	2.073509246110916138e-01
1.803349390470196933e+00	2.093345224857330322e-01
1.803106089736739470e+00	2.116396129131317139e-01
1.802862865013156179e+00	2.093259990215301514e-01
1.802619716266648631e+00	2.044545561075210571e-01
1.802376643464437489e+00	2.128711193799972534e-01
1.802133646573761183e+00	2.059015184640884399e-01
1.801890725561878126e+00	2.074086070060729980e-01
1.801647880396064938e+00	2.060969471931457520e-01
1.801405111043615781e+00	2.092665880918502808e-01
1.801162417471845689e+00	2.122286409139633179e-01
1.800919799648085462e+00	2.153046876192092896e-01
1.800677257539686993e+00	2.023125141859054565e-01
1.800434791114019495e+00	2.056654244661331177e-01
1.800192400338471055e+00	2.112991511821746826e-01
1.799950085180447967e+00	2.045318782329559326e-01
1.799707845607375845e+00	2.083287686109542847e-01
1.799465681586698285e+00	2.060087174177169800e-01
1.799223593085876871e+00	2.040771991014480591e-01
1.798981580072393616e+00	2.070363610982894897e-01
1.798739642513746295e+00	2.019046247005462646e-01
1.798497780377453559e+00	2.033841162919998169e-01
1.798255993631051153e+00	2.011483907699584961e-01
1.798014282242093698e+00	2.019129991531372070e-01
1.797772646178154243e+00	2.019711434841156006e-01
1.797531085406824936e+00	2.011734247207641602e-01
1.797289599895714796e+00	2.014077007770538330e-01
1.797048189612452163e+00	1.988135129213333130e-01
1.796806854524684249e+00	1.966982930898666382e-01
1.796565594600075588e+00	2.040535360574722290e-01
1.796324409806310030e+00	1.948541253805160522e-01
1.796083300111089409e+00	1.926014721393585205e-01
1.795842265482133326e+00	1.956877261400222778e-01
1.795601305887180255e+00	1.977336555719375610e-01
1.795360421293987541e+00	1.939636915922164917e-01
1.795119611670329629e+00	2.009608447551727295e-01
1.794878876984000282e+00	1.981229186058044434e-01
1.794638217202810582e+00	1.942508518695831299e-01
1.794397632294590927e+00	1.972928643226623535e-01
1.794157122227188816e+00	1.909196674823760986e-01
1.793916686968470842e+00	1.996225118637084961e-01
1.793676326486321582e+00	1.925277709960937500e-01
1.793436040748644045e+00	1.905244737863540649e-01
1.793195829723358337e+00	2.021574974060058594e-01
1.792955693378404769e+00	2.010527402162551880e-01
1.792715631681739863e+00	2.009750753641128540e-01
1.792475644601338791e+00	1.907858252525329590e-01
1.792235732105196488e+00	1.975879818201065063e-01
1.791995894161322989e+00	1.970317214727401733e-01
1.791756130737749197e+00	1.979178786277770996e-01
1.791516441802522452e+00	1.926970332860946655e-01
1.791276827323708964e+00	1.992128938436508179e-01
1.791037287269393374e+00	1.972359120845794678e-01
1.790797821607677198e+00	1.961969733238220215e-01
1.790558430306680382e+00	2.041075229644775391e-01
1.790319113334542189e+00	1.985980421304702759e-01
1.790079870659418315e+00	1.982805430889129639e-01
1.789840702249482662e+00	1.962630450725555420e-01
1.789601608072928229e+00	1.944308727979660034e-01
1.789362588097964890e+00	2.027162909507751465e-01
1.789123642292821170e+00	1.976532638072967529e-01
1.788884770625742915e+00	1.961049288511276245e-01
1.788645973064994843e+00	1.922963410615921021e-01
1.788407249578858327e+00	1.923934519290924072e-01
1.788168600135633834e+00	1.896271109580993652e-01
1.787930024703639598e+00	1.921326369047164917e-01
1.787691523251211168e+00	1.866444200277328491e-01
1.787453095746701637e+00	1.898621916770935059e-01
1.787214742158483638e+00	1.863861978054046631e-01
1.786976462454945791e+00	1.858365237712860107e-01
1.786738256604496256e+00	1.886019259691238403e-01
1.786500124575559401e+00	1.872877925634384155e-01
1.786262066336578691e+00	1.789750903844833374e-01
1.786024081856014245e+00	1.855726689100265503e-01
1.785786171102345721e+00	1.880626678466796875e-01
1.785548334044068541e+00	1.825553774833679199e-01
1.785310570649697004e+00	1.856499761343002319e-01
1.785072880887763391e+00	1.888392418622970581e-01
1.784835264726816861e+00	1.818038523197174072e-01
1.784597722135425224e+00	1.883519887924194336e-01
1.784360253082173164e+00	1.845999211072921753e-01
1.784122857535664020e+00	1.806631982326507568e-01
1.783885535464517558e+00	1.832412481307983398e-01
1.783648286837372421e+00	1.794291585683822632e-01
1.783411111622884349e+00	1.803636550903320312e-01
1.783174009789726622e+00	1.839071065187454224e-01
1.782936981306591395e+00	1.820855587720870972e-01
1.782700026142186367e+00	1.851601153612136841e-01
1.782463144265238331e+00	1.837940961122512817e-01
1.782226335644491177e+00	1.874039024114608765e-01
1.781989600248706784e+00	1.896854043006896973e-01
1.781752938046664347e+00	1.841943860054016113e-01
1.781516349007160382e+00	1.838673949241638184e-01
1.781279833099009613e+00	1.776033490896224976e-01
1.781043390291043638e+00	1.837770044803619385e-01
1.780807020552112263e+00	1.803225427865982056e-01
1.780570723851082171e+00	1.832186579704284668e-01
1.780334500156837585e+00	1.785103082656860352e-01
1.780098349438280936e+00	1.831302791833877563e-01
1.779862271664331086e+00	1.827289611101150513e-01
1.779626266803925327e+00	1.849765479564666748e-01
1.779390334826018272e+00	1.860492527484893799e-01
1.779154475699581406e+00	1.856270134449005127e-01
1.778918689393604202e+00	1.814464181661605835e-01
1.778682975877093231e+00	1.870872080326080322e-01
1.778447335119072825e+00	1.833769977092742920e-01
1.778211767088584194e+00	1.853283941745758057e-01
1.777976271754686310e+00	1.865556985139846802e-01
1.777740849086455022e+00	1.762785464525222778e-01
1.777505499052984828e+00	1.830202043056488037e-01
1.777270221623386437e+00	1.832304894924163818e-01
1.777035016766787656e+00	1.801796108484268188e-01
1.776799884452334721e+00	1.762066483497619629e-01
1.776564824649190522e+00	1.805824786424636841e-01
1.776329837326534822e+00	1.800145059823989868e-01
1.776094922453565816e+00	1.865354478359222412e-01
1.775860079999498131e+00	1.802016347646713257e-01
1.775625309933563711e+00	1.783871650695800781e-01
1.775390612225011822e+00	1.829777210950851440e-01
1.775155986843109490e+00	1.827036291360855103e-01
1.774921433757140621e+00	1.828831881284713745e-01
1.774686952936405104e+00	1.794433891773223877e-01
1.774452544350222594e+00	1.755519062280654907e-01
1.774218207967927841e+00	1.774733662605285645e-01
1.773983943758873805e+00	1.831244677305221558e-01
1.773749751692429655e+00	1.808780878782272339e-01
1.773515631737982989e+00	1.767348200082778931e-01
1.773281583864937616e+00	1.813801229000091553e-01
1.773047608042715106e+00	1.721996217966079712e-01
1.772813704240753019e+00	1.764191538095474243e-01
1.772579872428507564e+00	1.747931987047195435e-01
1.772346112575450938e+00	1.722636371850967407e-01
1.772112424651073104e+00	1.685668975114822388e-01
1.771878808624880675e+00	1.753267496824264526e-01
1.771645264466396918e+00	1.729625463485717773e-01
1.771411792145163311e+00	1.752774119377136230e-01
1.771178391630737314e+00	1.750398278236389160e-01
1.770945062892694155e+00	1.717578619718551636e-01
1.770711805900625269e+00	1.763434857130050659e-01
1.770478620624140298e+00	1.743275821208953857e-01
1.770245507032864207e+00	1.660802662372589111e-01
1.770012465096440168e+00	1.759036034345626831e-01
1.769779494784528673e+00	1.701894998550415039e-01
1.769546596066805755e+00	1.792583614587783813e-01
1.769313768912965434e+00	1.695983558893203735e-01
1.769081013292718385e+00	1.761342436075210571e-01
1.768848329175792156e+00	1.706217378377914429e-01
1.768615716531931170e+00	1.768595874309539795e-01
1.768383175330896728e+00	1.692857593297958374e-01
1.768150705542467227e+00	1.756248921155929565e-01
1.767918307136437939e+00	1.697572171688079834e-01
1.767685980082620789e+00	1.777719408273696899e-01
1.767453724350844135e+00	1.725028157234191895e-01
1.767221539910954320e+00	1.675877124071121216e-01
1.766989426732813229e+00	1.718849241733551025e-01
1.766757384786300733e+00	1.733119487762451172e-01
1.766525414041312914e+00	1.742779016494750977e-01
1.766293514467762282e+00	1.742314696311950684e-01
1.766061686035578449e+00	1.656685620546340942e-01
1.765829928714708341e+00	1.718113869428634644e-01
1.765598242475114876e+00	1.695627570152282715e-01
1.765366627286778067e+00	1.712333858013153076e-01
1.765135083119694581e+00	1.626545339822769165e-01
1.764903609943877516e+00	1.704801619052886963e-01
1.764672207729357511e+00	1.695557385683059692e-01
1.764440876446180750e+00	1.688929647207260132e-01
1.764209616064410957e+00	1.732667535543441772e-01
1.763978426554128731e+00	1.778036952018737793e-01
1.763747307885430438e+00	1.740618795156478882e-01
1.763516260028429095e+00	1.696838587522506714e-01
1.763285282953255484e+00	1.640183776617050171e-01
1.763054376630055708e+00	1.718203276395797729e-01
1.762823541028993857e+00	1.768040508031845093e-01
1.762592776120249338e+00	1.684445738792419434e-01
1.762362081874018882e+00	1.739411950111389160e-01
1.762131458260515204e+00	1.690192222595214844e-01
1.761900905249968563e+00	1.681648641824722290e-01
1.761670422812624537e+00	1.729646921157836914e-01
1.761440010918746690e+00	1.786815375089645386e-01
1.761209669538613021e+00	1.711420416831970215e-01
1.760979398642520843e+00	1.705770790576934814e-01
1.760749198200781462e+00	1.730960756540298462e-01
1.760519068183724167e+00	1.716983318328857422e-01
1.760289008561694013e+00	1.714456975460052490e-01
1.760059019305052930e+00	1.673696190118789673e-01
1.759829100384179057e+00	1.729743182659149170e-01
1.759599251769467410e+00	1.670091450214385986e-01
1.759369473431328768e+00	1.677935123443603516e-01
1.759139765340190564e+00	1.685105711221694946e-01
1.758910127466497553e+00	1.623109281063079834e-01
1.758680559780708919e+00	1.685839593410491943e-01
1.758451062253303165e+00	1.684391200542449951e-01
1.758221634854771676e+00	1.704048663377761841e-01
1.757992277555624705e+00	1.674876213073730469e-01
1.757762990326388497e+00	1.699233949184417725e-01
1.757533773137605282e+00	1.613491028547286987e-01
1.757304625959833055e+00	1.640710383653640747e-01
1.757075548763647355e+00	1.617711335420608521e-01
1.756846541519638816e+00	1.621430516242980957e-01
1.756617604198415616e+00	1.616498678922653198e-01
1.756388736770601033e+00	1.615563333034515381e-01
1.756159939206835441e+00	1.523756235837936401e-01
1.755931211477775422e+00	1.674419939517974854e-01
1.755702553554093548e+00	1.583465188741683960e-01
1.755473965406478820e+00	1.577725708484649658e-01
1.755245447005635562e+00	1.563552469015121460e-01
1.755016998322285859e+00	1.584275364875793457e-01
1.754788619327167565e+00	1.599927246570587158e-01
1.754560309991033185e+00	1.662365496158599854e-01
1.754332070284653877e+00	1.560532450675964355e-01
1.754103900178815456e+00	1.613817214965820312e-01
1.753875799644320166e+00	1.583272516727447510e-01
1.753647768651986238e+00	1.657238602638244629e-01
1.753419807172649003e+00	1.544701457023620605e-01
1.753191915177158222e+00	1.596070080995559692e-01
1.752964092636381643e+00	1.543113589286804199e-01
1.752736339521201892e+00	1.553976237773895264e-01
1.752508655802518023e+00	1.571125388145446777e-01
1.752281041451245303e+00	1.525320112705230713e-01
1.752053496438314539e+00	1.480924338102340698e-01
1.751826020734673861e+00	1.522772014141082764e-01
1.751598614311285829e+00	1.460296362638473511e-01
1.751371277139130322e+00	1.515206545591354370e-01
1.751144009189203210e+00	1.527265757322311401e-01
1.750916810432515236e+00	1.532457321882247925e-01
1.750689680840094020e+00	1.506575495004653931e-01
1.750462620382983614e+00	1.555958539247512817e-01
1.750235629032242723e+00	1.548911482095718384e-01
1.750008706758947374e+00	1.483162343502044678e-01
1.749781853534189136e+00	1.456293314695358276e-01
1.749555069329074897e+00	1.515253186225891113e-01
1.749328354114727979e+00	1.552041769027709961e-01
1.749101707862288135e+00	1.542287468910217285e-01
1.748875130542910217e+00	1.528089344501495361e-01
1.748648622127765506e+00	1.494541466236114502e-01
1.748422182588041274e+00	1.501156240701675415e-01
1.748195811894939444e+00	1.464258134365081787e-01
1.747969510019680373e+00	1.505830734968185425e-01
1.747743276933497070e+00	1.514483690261840820e-01
1.747517112607640977e+00	1.564617455005645752e-01
1.747291017013378633e+00	1.452404409646987915e-01
1.747064990121991679e+00	1.523696631193161011e-01
1.746839031904778183e+00	1.524945199489593506e-01
1.746613142333052204e+00	1.473686397075653076e-01
1.746387321378143342e+00	1.415410786867141724e-01
1.746161569011396963e+00	1.512284129858016968e-01
1.745935885204174642e+00	1.520341485738754272e-01
1.745710269927853053e+00	1.535964310169219971e-01
1.745484723153824858e+00	1.494965702295303345e-01
1.745259244853498481e+00	1.513308733701705933e-01
1.745033834998298339e+00	1.492809057235717773e-01
1.744808493559664608e+00	1.523200571537017822e-01
1.744583220509053012e+00	1.519360393285751343e-01
1.744358015817934371e+00	1.541581302881240845e-01
1.744132879457796159e+00	1.583487540483474731e-01
1.743907811400140950e+00	1.562290638685226440e-01
1.743682811616487305e+00	1.498174965381622314e-01
1.743457880078369326e+00	1.518438011407852173e-01
1.743233016757336884e+00	1.482276320457458496e-01
1.743008221624955167e+00	1.496227681636810303e-01
1.742783494652805132e+00	1.445408910512924194e-01
1.742558835812483720e+00	1.454394757747650146e-01
1.742334245075602972e+00	1.469241827726364136e-01
1.742109722413790918e+00	1.486670374870300293e-01
1.741885267798690684e+00	1.463869810104370117e-01
1.741660881201961164e+00	1.463474333286285400e-01
1.741436562595277904e+00	1.513549685478210449e-01
1.741212311950329994e+00	1.452084630727767944e-01
1.740988129238823401e+00	1.473097503185272217e-01
1.740764014432479856e+00	1.466254591941833496e-01
1.740539967503035301e+00	1.523256003856658936e-01
1.740315988422242333e+00	1.499627083539962769e-01
1.740092077161868644e+00	1.527692377567291260e-01
1.739868233693697697e+00	1.510984152555465698e-01
1.739644457989527826e+00	1.456836313009262085e-01
1.739420750021173578e+00	1.454927325248718262e-01
1.739197109760464599e+00	1.445173770189285278e-01
1.738973537179245632e+00	1.517617404460906982e-01
1.738750032249377631e+00	1.446197181940078735e-01
1.738526594942736203e+00	1.511977910995483398e-01
1.738303225231212723e+00	1.466368138790130615e-01
1.738079923086714329e+00	1.457674801349639893e-01
1.737856688481163037e+00	1.518682837486267090e-01
1.737633521386496405e+00	1.417342871427536011e-01
1.737410421774667313e+00	1.475168168544769287e-01
1.737187389617643962e+00	1.465548574924468994e-01
1.736964424887410097e+00	1.552053391933441162e-01
1.736741527555964781e+00	1.448887735605239868e-01
1.736518697595321958e+00	1.432260721921920776e-01
1.736295934977512223e+00	1.432891190052032471e-01
1.736073239674579716e+00	1.448715329170227051e-01
1.735850611658584564e+00	1.447357684373855591e-01
1.735628050901603103e+00	1.463379412889480591e-01
1.735405557375725438e+00	1.443513631820678711e-01
1.735183131053058103e+00	1.467996686697006226e-01
1.734960771905722288e+00	1.490835249423980713e-01
1.734738479905854724e+00	1.466262191534042358e-01
1.734516255025607023e+00	1.473396420478820801e-01
1.734294097237146115e+00	1.390349864959716797e-01
1.734072006512654918e+00	1.482869535684585571e-01
1.733849982824330560e+00	1.477654576301574707e-01
1.733628026144385714e+00	1.465304046869277954e-01
1.733406136445048151e+00	1.469015330076217651e-01
1.733184313698560963e+00	1.541161239147186279e-01
1.732962557877182563e+00	1.437561064958572388e-01
1.732740868953186020e+00	1.519874185323715210e-01
1.732519246898860166e+00	1.438060998916625977e-01
1.732297691686508712e+00	1.465808004140853882e-01
1.732076203288450245e+00	1.443564742803573608e-01
1.731854781677018229e+00	1.494646817445755005e-01
1.731633426824562338e+00	1.435380131006240845e-01
1.731412138703446235e+00	1.443627327680587769e-01
1.731190917286048903e+00	1.361189037561416626e-01
1.730969762544765533e+00	1.423527449369430542e-01
1.730748674452004199e+00	1.411543935537338257e-01
1.730527652980190068e+00	1.354328840970993042e-01
1.730306698101762075e+00	1.441627591848373413e-01
1.730085809789174700e+00	1.444531530141830444e-01
1.729864988014898186e+00	1.409687846899032593e-01
1.729644232751415434e+00	1.389648765325546265e-01
1.729423543971227328e+00	1.344944536685943604e-01
1.729202921646847635e+00	1.402242332696914673e-01
1.728982365750805661e+00	1.334977149963378906e-01
1.728761876255645813e+00	1.329190284013748169e-01
1.728541453133927375e+00	1.318220645189285278e-01
1.728321096358225395e+00	1.365691423416137695e-01
1.728100805901128467e+00	1.395310759544372559e-01
1.727880581735240728e+00	1.309358775615692139e-01
1.727660423833181413e+00	1.334977298974990845e-01
1.727440332167584414e+00	1.281721591949462891e-01
1.727220306711098496e+00	1.326885968446731567e-01
1.727000347436387528e+00	1.308655887842178345e-01
1.726780454316130253e+00	1.313791573047637939e-01
1.726560627323020292e+00	1.270925849676132202e-01
1.726340866429765697e+00	1.256961971521377563e-01
1.726121171609089844e+00	1.316877156496047974e-01
1.725901542833730762e+00	1.357050091028213501e-01
1.725681980076441135e+00	1.359607130289077759e-01
1.725462483309988970e+00	1.363941133022308350e-01
1.725243052507156705e+00	1.311154812574386597e-01
1.725023687640740988e+00	1.369636356830596924e-01
1.724804388683555123e+00	1.380412727594375610e-01
1.724585155608425069e+00	1.342214792966842651e-01
1.724365988388192994e+00	1.336609572172164917e-01
1.724146886995714389e+00	1.388678252696990967e-01
1.723927851403861400e+00	1.339468955993652344e-01
1.723708881585519048e+00	1.304733753204345703e-01
1.723489977513588789e+00	1.281977593898773193e-01
1.723271139160985399e+00	1.320825517177581787e-01
1.723052366500638755e+00	1.307642459869384766e-01
1.722833659505493609e+00	1.305390149354934692e-01
1.722615018148509813e+00	1.311055570840835571e-01
1.722396442402660988e+00	1.399807482957839966e-01
1.722177932240936071e+00	1.308477073907852173e-01
